Instance: E051-05e.dat
Class:  3
50 --- number of customers (no depot)
11 --- number of vehicles
103 --- number of items
Capacity - height - width of vehicles
   160     40     20
Node - x - y - demand  Readytime Duetime
  0.00   30.00  40.00   0.00 0       561.00
  1.00   37.00  52.00   7.00 307.00  326.00
  2.00   49.00  49.00  30.00 153.00  181.00
  3.00   52.00  64.00  16.00  90.00  117.00
  4.00   20.00  26.00   9.00  61.00   90.00
  5.00   40.00  30.00  21.00 250.00  268.00
  6.00   21.00  47.00  15.00 420.00  446.00
  7.00   17.00  63.00  19.00 429.00  450.00
  8.00   31.00  62.00  23.00  72.00   94.00
  9.00   52.00  33.00  11.00 100.00  124.00
 10.00   51.00  21.00   5.00 242.00  258.00
 11.00   42.00  41.00  19.00 118.00  142.00
 12.00   31.00  32.00  29.00 152.00  175.00
 13.00    5.00  25.00  23.00 356.00  381.00
 14.00   12.00  42.00  21.00 401.00  421.00
 15.00   36.00  16.00  10.00 322.00  341.00
 16.00   52.00  41.00  15.00  43.00   71.00
 17.00   27.00  23.00   3.00 206.00  230.00
 18.00   17.00  33.00  41.00 228.00  244.00
 19.00   13.00  13.00   9.00 159.00  183.00
 20.00   57.00  58.00  28.00 370.00  392.00
 21.00   62.00  42.00   8.00 330.00  354.00
 22.00   42.00  57.00   8.00  82.00  104.00
 23.00   16.00  57.00  16.00 185.00  206.00
 24.00    8.00  52.00  10.00 258.00  274.00
 25.00    7.00  38.00  28.00 389.00  413.00
 26.00   27.00  68.00   7.00 278.00  304.00
 27.00   30.00  48.00  15.00   7.00   50.00
 28.00   43.00  67.00  14.00 367.00  382.00
 29.00   58.00  48.00   6.00 277.00  304.00
 30.00   58.00  27.00  19.00 272.00  293.00
 31.00   37.00  69.00  11.00 230.00  254.00
 32.00   38.00  46.00  12.00 371.00  394.00
 33.00   46.00  10.00  23.00 179.00  199.00
 34.00   61.00  33.00  26.00  61.00   76.00
 35.00   62.00  63.00  17.00 369.00  396.00
 36.00   63.00  69.00   6.00 457.00  473.00
 37.00   32.00  22.00   9.00 253.00  268.00
 38.00   45.00  35.00  15.00 144.00  169.00
 39.00   59.00  15.00  14.00 161.00  181.00
 40.00    5.00   6.00   7.00 372.00  397.00
 41.00   10.00  17.00  27.00  78.00   98.00
 42.00   21.00  10.00  13.00 100.00  119.00
 43.00    5.00  64.00  11.00  15.00   50.00
 44.00   30.00  15.00  16.00 390.00  406.00
 45.00   39.00  10.00  10.00  32.00   58.00
 46.00   32.00  39.00   5.00  74.00  102.00
 47.00   25.00  32.00  25.00 361.00  385.00
 48.00   25.00  55.00  17.00 130.00  158.00
 49.00   48.00  28.00  18.00  74.00   94.00
 50.00   56.00  37.00  10.00 156.00  182.00
Node - number of items - h - w for each item
    0   0
    1   1   23    3
    2   3    9    7   15    4   15    3
    3   3    6   12   13    6   29    2
    4   2   14    5   13    2
    5   3   16    7   11    7   27    2
    6   3    7   11   12    4   12    3
    7   1    8   13
    8   1   27    4
    9   1    5   16
   10   2   13    5   10    5
   11   1    5    9
   12   3    7    7   22    3   20    3
   13   1   20    3
   14   3    8   13    7   13   29    4
   15   3    8   13    6   11    9    6
   16   2    7   14   14    3
   17   1   29    2
   18   2   15    6    8    6
   19   1   16    5
   20   3   14    6   17    4   20    3
   21   2    7   13    4   11
   22   3   14    6   30    3   25    3
   23   3    8   14    7    7   12    5
   24   1    6   10
   25   1    6   12
   26   3   15    6    8    5   31    3
   27   2    6   12    5    8
   28   2    6   10   28    3
   29   2    4   13   28    3
   30   2    5   10   12    3
   31   2    4    6   18    3
   32   2   12    5   14    3
   33   2    7   15   13    4
   34   1    7    7
   35   2    4   15    8   13
   36   2   11    5   10    5
   37   3    7   12   14    7   23    4
   38   1   18    4
   39   1    6    7
   40   2    6    8   22    2
   41   3    7   12   12    7   22    3
   42   3    8   15    6   15   28    3
   43   3    5   13    9    6   16    2
   44   3    6   14    7   11    5    8
   45   3    7   15    7   13   21    4
   46   1   14    7
   47   1   24    3
   48   1   15    7
   49   3    6   14   13    6   18    4
   50   3    7   15   12    7    5    7



