Instance: E026-08m.dat
Class:  1
25 --- number of customers (no depot)
8 --- number of vehicles
61 --- number of items
Capacity - height - width of vehicles
    48     40     20
Node - x - y - demand  Readytime Duetime
  0.00   30.00  40.00   0.00 0       257.00       
  1.00   52.00  41.00  15.00  30.00   48.00       
  2.00   27.00  23.00   3.00  40.00   46.00       
  3.00   17.00  33.00  41.00 105.00  113.00       
  4.00   13.00  13.00   9.00  41.00   53.00       
  5.00   57.00  58.00  28.00  98.00  115.00       
  6.00   62.00  42.00   8.00  63.00   79.00       
  7.00   42.00  57.00   8.00  29.00   46.00       
  8.00   16.00  57.00  16.00 130.00  140.00       
  9.00    8.00  52.00  10.00  64.00   72.00       
 10.00    7.00  38.00  28.00  88.00  107.00       
 11.00   27.00  68.00   7.00 139.00  144.00       
 12.00   30.00  48.00  15.00  86.00  105.00       
 13.00   43.00  67.00  14.00  63.00   68.00       
 14.00   58.00  48.00   6.00  95.00  108.00       
 15.00   58.00  27.00  19.00  69.00   86.00       
 16.00   37.00  69.00  11.00  53.00   61.00       
 17.00   38.00  46.00  12.00  84.00   95.00       
 18.00   46.00  10.00  23.00  38.00   58.00       
 19.00   61.00  33.00  26.00 113.00  123.00       
 20.00   62.00  63.00  17.00 164.00  175.00       
 21.00   63.00  69.00   6.00  72.00   88.00       
 22.00   32.00  22.00   9.00  55.00   63.00       
 23.00   45.00  35.00  15.00  51.00   69.00       
 24.00   59.00  15.00  14.00 136.00  141.00       
 25.00    5.00   6.00   7.00  22.00   44.00       
Node - number of items - h - w for each item  
    0   0
    1   2    6   11   10    5
    2   3   15    4   30    2    7    6
    3   3   12    6   20    3    5    9
    4   3    5    7    9    7    9    7
    5   3   29    2   18    4    5   14
    6   1   23    4
    7   2    7   10   10    5
    8   3   31    3    7   14   10    4
    9   3    4   15   11    4   20    4
   10   1   11    4
   11   3    9    5   15    6   14    3
   12   1   16    4
   13   3    9    5   12    3   31    3
   14   3    6    7   19    3    8   11
   15   2    4   14   13    8
   16   3    7   11   14    3   28    3
   17   3   14    5   16    4   10    8
   18   3   10    5    6    6    7   12
   19   3    8   10   18    3   13    7
   20   2   12    8   25    3
   21   2    5    6   20    4
   22   3    4   11    5    8   11    4
   23   1   29    3
   24   2   30    4   12    5
   25   3   18    2   25    3    8    7
