Instance: E051-05e.dat
Class:  3
50 --- number of customers (no depot)
11 --- number of vehicles
50 --- number of items
Capacity - height - width of vehicles
   160     40     20
Node - x - y - demand  Readytime Duetime
  0.00   30.00  40.00   0.00 0       561.00
  1.00   37.00  52.00   7.00 307.00  326.00
  2.00   49.00  49.00  30.00 153.00  181.00
  3.00   52.00  64.00  16.00  90.00  117.00
  4.00   20.00  26.00   9.00  61.00   90.00
  5.00   40.00  30.00  21.00 250.00  268.00
  6.00   21.00  47.00  15.00 420.00  446.00
  7.00   17.00  63.00  19.00 429.00  450.00
  8.00   31.00  62.00  23.00  72.00   94.00
  9.00   52.00  33.00  11.00 100.00  124.00
 10.00   51.00  21.00   5.00 242.00  258.00
 11.00   42.00  41.00  19.00 118.00  142.00
 12.00   31.00  32.00  29.00 152.00  175.00
 13.00    5.00  25.00  23.00 356.00  381.00
 14.00   12.00  42.00  21.00 401.00  421.00
 15.00   36.00  16.00  10.00 322.00  341.00
 16.00   52.00  41.00  15.00  43.00   71.00
 17.00   27.00  23.00   3.00 206.00  230.00
 18.00   17.00  33.00  41.00 228.00  244.00
 19.00   13.00  13.00   9.00 159.00  183.00
 20.00   57.00  58.00  28.00 370.00  392.00
 21.00   62.00  42.00   8.00 330.00  354.00
 22.00   42.00  57.00   8.00  82.00  104.00
 23.00   16.00  57.00  16.00 185.00  206.00
 24.00    8.00  52.00  10.00 258.00  274.00
 25.00    7.00  38.00  28.00 389.00  413.00
 26.00   27.00  68.00   7.00 278.00  304.00
 27.00   30.00  48.00  15.00   7.00   50.00
 28.00   43.00  67.00  14.00 367.00  382.00
 29.00   58.00  48.00   6.00 277.00  304.00
 30.00   58.00  27.00  19.00 272.00  293.00
 31.00   37.00  69.00  11.00 230.00  254.00
 32.00   38.00  46.00  12.00 371.00  394.00
 33.00   46.00  10.00  23.00 179.00  199.00
 34.00   61.00  33.00  26.00  61.00   76.00
 35.00   62.00  63.00  17.00 369.00  396.00
 36.00   63.00  69.00   6.00 457.00  473.00
 37.00   32.00  22.00   9.00 253.00  268.00
 38.00   45.00  35.00  15.00 144.00  169.00
 39.00   59.00  15.00  14.00 161.00  181.00
 40.00    5.00   6.00   7.00 372.00  397.00
 41.00   10.00  17.00  27.00  78.00   98.00
 42.00   21.00  10.00  13.00 100.00  119.00
 43.00    5.00  64.00  11.00  15.00   50.00
 44.00   30.00  15.00  16.00 390.00  406.00
 45.00   39.00  10.00  10.00  32.00   58.00
 46.00   32.00  39.00   5.00  74.00  102.00
 47.00   25.00  32.00  25.00 361.00  385.00
 48.00   25.00  55.00  17.00 130.00  158.00
 49.00   48.00  28.00  18.00  74.00   94.00
 50.00   56.00  37.00  10.00 156.00  182.00
Node - number of items - h - w for each item
    0   0
    1   1    1    1
    2   1    1    1
    3   1    1    1
    4   1    1    1
    5   1    1    1
    6   1    1    1
    7   1    1    1
    8   1    1    1
    9   1    1    1
   10   1    1    1
   11   1    1    1
   12   1    1    1
   13   1    1    1
   14   1    1    1
   15   1    1    1
   16   1    1    1
   17   1    1    1
   18   1    1    1
   19   1    1    1
   20   1    1    1
   21   1    1    1
   22   1    1    1
   23   1    1    1
   24   1    1    1
   25   1    1    1
   26   1    1    1
   27   1    1    1
   28   1    1    1
   29   1    1    1
   30   1    1    1
   31   1    1    1
   32   1    1    1
   33   1    1    1
   34   1    1    1
   35   1    1    1
   36   1    1    1
   37   1    1    1
   38   1    1    1
   39   1    1    1
   40   1    1    1
   41   1    1    1
   42   1    1    1
   43   1    1    1
   44   1    1    1
   45   1    1    1
   46   1    1    1
   47   1    1    1
   48   1    1    1
   49   1    1    1
   50   1    1    1
