Instance: E031-09h.dat
Class:  3
30 --- number of customers (no depot)
9 --- number of vehicles
56 --- number of items
Capacity - height - width of vehicles
    68     40     20
Node - x - y - demand  Readytime Duetime
  0.00   40.00  40.00   0.00 0       212.00       
  1.00   22.00  22.00  18.00 100.00  105.00       
  2.00   36.00  26.00  26.00 146.00  152.00       
  3.00   21.00  45.00  11.00 139.00  151.00       
  4.00   45.00  35.00  30.00  94.00  102.00       
  5.00   55.00  20.00  21.00  92.00  112.00       
  6.00   33.00  34.00  19.00  59.00   69.00       
  7.00   50.00  50.00  15.00  27.00   37.00       
  8.00   55.00  45.00  16.00  75.00   89.00       
  9.00   26.00  59.00  29.00  77.00   89.00       
 10.00   40.00  66.00  26.00 111.00  126.00       
 11.00   55.00  65.00  37.00  31.00   47.00       
 12.00   35.00  51.00  16.00  35.00   54.00       
 13.00   62.00  35.00  12.00  97.00  117.00       
 14.00   62.00  57.00  31.00 117.00  135.00       
 15.00   62.00  24.00   8.00 117.00  132.00       
 16.00   21.00  36.00  19.00  63.00   82.00       
 17.00   33.00  44.00  20.00  38.00   55.00       
 18.00    9.00  56.00  13.00 121.00  135.00       
 19.00   62.00  48.00  15.00 137.00  155.00       
 20.00   66.00  14.00  22.00 125.00  139.00       
 21.00   44.00  13.00  28.00  28.00   44.00       
 22.00   26.00  13.00  12.00 110.00  120.00       
 23.00   11.00  28.00   6.00   6.00   37.00       
 24.00    7.00  43.00  27.00  41.00   58.00       
 25.00   17.00  64.00  14.00  51.00   70.00       
 26.00   41.00  46.00  18.00  79.00   94.00       
 27.00   55.00  34.00  17.00 102.00  107.00       
 28.00   35.00  16.00  29.00  11.00   37.00       
 29.00   52.00  26.00  13.00  73.00   80.00       
 30.00   43.00  26.00  22.00  71.00   85.00
Node - number of items - h - w for each item 
    0   0
    1   1    7   16
    2   3    7   14    5   10   19    3
    3   1   12    3
    4   2    5    8   14    5
    5   2    8   13   20    4
    6   2   11    7   27    3
    7   3    6   12    6    9   14    8
    8   1   14    3
    9   3    5   10   12    6   28    3
   10   1   11    4
   11   2    4   14    9    4
   12   2    5   13   12    7
   13   2   20    3   13    3
   14   3    6   15    5    9    4    8
   15   2    7    7   31    2
   16   2    5   15    5   14
   17   3    7   16   10    7   17    2
   18   2    9    5   13    4
   19   3    7    9   16    8   12    6
   20   2    9    5   27    4
   21   1    6    7
   22   2   12    8    7    7
   23   1    8   11
   24   2    5   10   15    6
   25   2   16    3   27    2
   26   1   13    5
   27   1    7    8
   28   2   10    7   12    6
   29   1    5   11
   30   1    8    6
