Instance: E030-03g.dat
Class:  1
29 --- number of customers (no depot)
3 --- number of vehicles
29 --- number of items
Capacity - height - width of vehicles
  4500     40     20
Node - x - y - demand  Readytime Duetime
  0.00  162.00 354.00   0.00 0       2734.00
  1.00  218.00 382.00 300.00 2026.00  2056.00
  2.00  218.00 358.00 3100.00 493.00  520.00
  3.00  201.00 370.00 125.00 292.00  389.00
  4.00  214.00 371.00 100.00 2092.00  2109.00
  5.00  224.00 370.00 200.00 1369.00  1390.00
  6.00  210.00 382.00 150.00 679.00  708.00
  7.00  104.00 354.00 150.00 1365.00  1383.00
  8.00  126.00 338.00 450.00  92.00  389.00
  9.00  119.00 340.00 300.00 857.00  885.00
 10.00  129.00 349.00 100.00 748.00  775.00
 11.00  126.00 347.00 950.00 2129.00  2153.00
 12.00  125.00 346.00 125.00 539.00  556.00
 13.00  116.00 355.00 150.00 1376.00  1403.00
 14.00  126.00 335.00 150.00 990.00  1013.00
 15.00  125.00 355.00 550.00 2072.00  2099.00
 16.00  119.00 357.00 150.00 2186.00  2210.00
 17.00  115.00 341.00 100.00 957.00  979.00
 18.00  153.00 351.00 150.00 1514.00  1534.00
 19.00  175.00 363.00 400.00 916.00  944.00
 20.00  180.00 360.00 300.00 1075.00  1103.00
 21.00  159.00 331.00 1500.00 1399.00  1415.00
 22.00  188.00 357.00 100.00 1802.00  1820.00
 23.00  152.00 349.00 300.00 1046.00  1068.00
 24.00  215.00 389.00 500.00 1131.00  1158.00
 25.00  212.00 394.00 800.00 840.00  866.00
 26.00  188.00 393.00 300.00 959.00  984.00
 27.00  207.00 406.00 100.00 429.00  452.00
 28.00  184.00 410.00 150.00 639.00  668.00
 29.00  207.00 392.00 1000.00 1816.00  1843.00
Node - number of items - h - w for each item  
    0   0
    1   1    1    1
    2   1    1    1
    3   1    1    1
    4   1    1    1
    5   1    1    1
    6   1    1    1
    7   1    1    1
    8   1    1    1
    9   1    1    1
   10   1    1    1
   11   1    1    1
   12   1    1    1
   13   1    1    1
   14   1    1    1
   15   1    1    1
   16   1    1    1
   17   1    1    1
   18   1    1    1
   19   1    1    1
   20   1    1    1
   21   1    1    1
   22   1    1    1
   23   1    1    1
   24   1    1    1
   25   1    1    1
   26   1    1    1
   27   1    1    1
   28   1    1    1
   29   1    1    1






