Instance: E031-09h.dat
Class:  3
30 --- number of customers (no depot)
9 --- number of vehicles
30 --- number of items
Capacity - height - width of vehicles
    68     40     20
Node - x - y - demand  Readytime Duetime
  0.00   40.00  40.00   0.00 0       212.00       
  1.00   22.00  22.00  18.00 100.00  105.00       
  2.00   36.00  26.00  26.00 146.00  152.00       
  3.00   21.00  45.00  11.00 139.00  151.00       
  4.00   45.00  35.00  30.00  94.00  102.00       
  5.00   55.00  20.00  21.00  92.00  112.00       
  6.00   33.00  34.00  19.00  59.00   69.00       
  7.00   50.00  50.00  15.00  27.00   37.00       
  8.00   55.00  45.00  16.00  75.00   89.00       
  9.00   26.00  59.00  29.00  77.00   89.00       
 10.00   40.00  66.00  26.00 111.00  126.00       
 11.00   55.00  65.00  37.00  31.00   47.00       
 12.00   35.00  51.00  16.00  35.00   54.00       
 13.00   62.00  35.00  12.00  97.00  117.00       
 14.00   62.00  57.00  31.00 117.00  135.00       
 15.00   62.00  24.00   8.00 117.00  132.00       
 16.00   21.00  36.00  19.00  63.00   82.00       
 17.00   33.00  44.00  20.00  38.00   55.00       
 18.00    9.00  56.00  13.00 121.00  135.00       
 19.00   62.00  48.00  15.00 137.00  155.00       
 20.00   66.00  14.00  22.00 125.00  139.00       
 21.00   44.00  13.00  28.00  28.00   44.00       
 22.00   26.00  13.00  12.00 110.00  120.00       
 23.00   11.00  28.00   6.00   6.00   37.00       
 24.00    7.00  43.00  27.00  41.00   58.00       
 25.00   17.00  64.00  14.00  51.00   70.00       
 26.00   41.00  46.00  18.00  79.00   94.00       
 27.00   55.00  34.00  17.00 102.00  107.00       
 28.00   35.00  16.00  29.00  11.00   37.00       
 29.00   52.00  26.00  13.00  73.00   80.00       
 30.00   43.00  26.00  22.00  71.00   85.00
Node - number of items - h - w for each item 
    0   0
    1   1    1    1
    2   1    1    1
    3   1    1    1
    4   1    1    1
    5   1    1    1
    6   1    1    1
    7   1    1    1
    8   1    1    1
    9   1    1    1
   10   1    1    1
   11   1    1    1
   12   1    1    1
   13   1    1    1
   14   1    1    1
   15   1    1    1
   16   1    1    1
   17   1    1    1
   18   1    1    1
   19   1    1    1
   20   1    1    1
   21   1    1    1
   22   1    1    1
   23   1    1    1
   24   1    1    1
   25   1    1    1
   26   1    1    1
   27   1    1    1
   28   1    1    1
   29   1    1    1
   30   1    1    1

