Instance: E031-09h.dat
Class:  3
30 --- number of customers (no depot)
9 --- number of vehicles
30 --- number of items
Capacity - height - width of vehicles
    68     40     20
Node - x - y - demand  Readytime Duetime
  0.00   40.00  40.00   0.00 0       511.00
  1.00   22.00  22.00  18.00 139.00  165.00
  2.00   36.00  26.00  26.00 259.00  284.00
  3.00   21.00  45.00  11.00 356.00  373.00
  4.00   45.00  35.00  30.00 128.00  156.00
  5.00   55.00  20.00  21.00 347.00  365.00
  6.00   33.00  34.00  19.00 261.00  278.00
  7.00   50.00  50.00  15.00 243.00  265.00
  8.00   55.00  45.00  16.00 273.00  292.00
  9.00   26.00  59.00  29.00 346.00  371.00
 10.00   40.00  66.00  26.00  54.00   84.00
 11.00   55.00  65.00  37.00  45.00   69.00
 12.00   35.00  51.00  16.00  78.00  107.00
 13.00   62.00  35.00  12.00 257.00  276.00
 14.00   62.00  57.00  31.00 371.00  389.00
 15.00   62.00  24.00   8.00 212.00  242.00
 16.00   21.00  36.00  19.00 145.00  175.00
 17.00   33.00  44.00  20.00 156.00  175.00
 18.00    9.00  56.00  13.00 277.00  295.00
 19.00   62.00  48.00  15.00 295.00  318.00
 20.00   66.00  14.00  22.00 124.00  151.00
 21.00   44.00  13.00  28.00 316.00  345.00
 22.00   26.00  13.00  12.00 208.00  232.00
 23.00   11.00  28.00   6.00 157.00  176.00
 24.00    7.00  43.00  27.00 194.00  214.00
 25.00   17.00  64.00  14.00  95.00  119.00
 26.00   41.00  46.00  18.00  41.00   64.00
 27.00   55.00  34.00  17.00 390.00  418.00
 28.00   35.00  16.00  29.00 133.00  154.00
 29.00   52.00  26.00  13.00 354.00  376.00
 30.00   43.00  26.00  22.00 187.00  203.00
Node - number of items - h - w for each item  
    0   0
    1   1    1    1
    2   1    1    1
    3   1    1    1
    4   1    1    1
    5   1    1    1
    6   1    1    1
    7   1    1    1
    8   1    1    1
    9   1    1    1
   10   1    1    1
   11   1    1    1
   12   1    1    1
   13   1    1    1
   14   1    1    1
   15   1    1    1
   16   1    1    1
   17   1    1    1
   18   1    1    1
   19   1    1    1
   20   1    1    1
   21   1    1    1
   22   1    1    1
   23   1    1    1
   24   1    1    1
   25   1    1    1
   26   1    1    1
   27   1    1    1
   28   1    1    1
   29   1    1    1
   30   1    1    1
