Instance: E031-09h.dat
Class:  3
30 --- number of customers (no depot)
9 --- number of vehicles
82 --- number of items
Capacity - height - width of vehicles
    68     40     20
Node - x - y - demand  Readytime Duetime
  0.00   40.00  40.00   0.00 0       1022.00
  1.00   22.00  22.00  18.00 906.00  945.00
  2.00   36.00  26.00  26.00 290.00  320.00
  3.00   21.00  45.00  11.00 464.00  501.00
  4.00   45.00  35.00  30.00 655.00  691.00
  5.00   55.00  20.00  21.00  57.00   95.00
  6.00   33.00  34.00  19.00 358.00  394.00
  7.00   50.00  50.00  15.00  54.00   97.00
  8.00   55.00  45.00  16.00 784.00  824.00
  9.00   26.00  59.00  29.00 683.00  721.00
 10.00   40.00  66.00  26.00  46.00   79.00
 11.00   55.00  65.00  37.00 805.00  835.00
 12.00   35.00  51.00  16.00 288.00  321.00
 13.00   62.00  35.00  12.00 434.00  476.00
 14.00   62.00  57.00  31.00 664.00  694.00
 15.00   62.00  24.00   8.00 496.00  537.00
 16.00   21.00  36.00  19.00 182.00  216.00
 17.00   33.00  44.00  20.00 531.00  567.00
 18.00    9.00  56.00  13.00 792.00  822.00
 19.00   62.00  48.00  15.00 375.00  411.00
 20.00   66.00  14.00  22.00  27.00   65.00
 21.00   44.00  13.00  28.00 680.00  724.00
 22.00   26.00  13.00  12.00 331.00  370.00
 23.00   11.00  28.00   6.00 341.00  386.00
 24.00    7.00  43.00  27.00 294.00  332.00
 25.00   17.00  64.00  14.00 770.00  808.00
 26.00   41.00  46.00  18.00 791.00  829.00
 27.00   55.00  34.00  17.00 151.00  189.00
 28.00   35.00  16.00  29.00  26.00   70.00
 29.00   52.00  26.00  13.00 855.00  887.00
 30.00   43.00  26.00  22.00 786.00  828.00
Node - number of items - h - w for each item  
    0   0
    1   2    4    6   23    3
    2   1   15    2
    3   1    5   14
    4   4    7   13    6   13    8   10    7    4
    5   2   27    3   15    2
    6   4    7   11    8    6   19    4   15    3
    7   3    8   12   13    3   17    2
    8   4    7   11    5    7   21    4   13    3
    9   3   13    8   20    3   14    3
   10   4    7   11    7    5   13    2    9    2
   11   3   13    4   31    3   15    3
   12   1    6    6
   13   4    8   14    6   12    7    7   24    4
   14   1   21    3
   15   4    6   12   15    6   12    4    4    4
   16   3   15    4    6    4   23    2
   17   1    7   13
   18   4    6    9    5    8    8    5    6    4
   19   3    6    5    5    5    4    5
   20   2    7    9    6    8
   21   2    6   10    9    4
   22   4    6    8   32    4   20    4   29    2
   23   1   11    5
   24   1   27    2
   25   3    6   13    6    9    8    5
   26   2    7   10   12    5
   27   4    6   14    6    5   23    4   14    4
   28   3   11    4   28    3    5    2
   29   4    7   12    5   12    5    9   15    7
   30   4   14    5   14    4    4    4   21    3

