Instance: E021-04m.dat
Class:  1
20 --- number of customers (no depot)
4 --- number of vehicles
20 --- number of items
Capacity - height - width of vehicles
    85     40     20
Node - x - y - demand  Readytime Duetime
  0.00   30.00  40.00   0.00 0       378.00
  1.00   42.00  41.00  19.00 101.00  131.00
  2.00   31.00  32.00  29.00 302.00  327.00
  3.00    5.00  25.00  23.00 284.00  302.00
  4.00   12.00  42.00  21.00 270.00  289.00
  5.00   36.00  16.00  10.00 120.00  148.00
  6.00   52.00  41.00  15.00 178.00  194.00
  7.00   27.00  23.00   3.00  35.00   57.00
  8.00   17.00  33.00  41.00 287.00  307.00
  9.00   13.00  13.00   9.00  17.00   39.00
 10.00   57.00  58.00  28.00 175.00  196.00
 11.00   62.00  42.00   8.00  50.00   69.00
 12.00   42.00  57.00   8.00 289.00  312.00
 13.00   16.00  57.00  16.00 292.00  319.00
 14.00    8.00  52.00  10.00 191.00  208.00
 15.00    7.00  38.00  28.00  91.00  117.00
 16.00   27.00  68.00   7.00 100.00  129.00
 17.00   30.00  48.00  15.00  26.00   51.00
 18.00   43.00  67.00  14.00 129.00  158.00
 19.00   58.00  48.00   6.00 180.00  208.00
 20.00   58.00  27.00  19.00 187.00  214.00
Node - number of items - h - w for each item 
    0   0
    1   1    1    1
    2   1    1    1
    3   1    1    1
    4   1    1    1
    5   1    1    1
    6   1    1    1
    7   1    1    1
    8   1    1    1
    9   1    1    1
   10   1    1    1
   11   1    1    1
   12   1    1    1
   13   1    1    1
   14   1    1    1
   15   1    1    1
   16   1    1    1
   17   1    1    1
   18   1    1    1
   19   1    1    1
   20   1    1    1