Instance: E051-05e.dat
Class:  3
50 --- number of customers (no depot)
11 --- number of vehicles
82 --- number of items
Capacity - height - width of vehicles
   160     40     20
Node - x - y - demand  Readytime Duetime
  0.00   30.00  40.00   0.00 0       257.00       
  1.00   37.00  52.00   7.00  76.00   91.00       
  2.00   49.00  49.00  30.00  79.00   95.00       
  3.00   52.00  64.00  16.00 103.00  116.00       
  4.00   20.00  26.00   9.00  73.00   90.00       
  5.00   40.00  30.00  21.00  59.00   79.00       
  6.00   21.00  47.00  15.00  57.00   69.00       
  7.00   17.00  63.00  19.00  31.00   44.00       
  8.00   31.00  62.00  23.00 144.00  153.00       
  9.00   52.00  33.00  11.00 154.00  166.00       
 10.00   51.00  21.00   5.00  70.00   79.00       
 11.00   42.00  41.00  19.00  44.00   64.00       
 12.00   31.00  32.00  29.00 107.00  125.00       
 13.00    5.00  25.00  23.00 119.00  129.00       
 14.00   12.00  42.00  21.00 135.00  145.00       
 15.00   36.00  16.00  10.00 110.00  123.00       
 16.00   52.00  41.00  15.00  51.00   63.00       
 17.00   27.00  23.00   3.00  95.00  107.00       
 18.00   17.00  33.00  41.00  35.00   54.00       
 19.00   13.00  13.00   9.00  67.00   77.00       
 20.00   57.00  58.00  28.00  13.00   44.00       
 21.00   62.00  42.00   8.00 140.00  149.00       
 22.00   42.00  57.00   8.00 151.00  159.00       
 23.00   16.00  57.00  16.00  70.00   76.00       
 24.00    8.00  52.00  10.00 144.00  151.00       
 25.00    7.00  38.00  28.00 153.00  173.00       
 26.00   27.00  68.00   7.00  22.00   44.00       
 27.00   30.00  48.00  15.00  15.00   44.00       
 28.00   43.00  67.00  14.00 133.00  146.00       
 29.00   58.00  48.00   6.00  18.00   44.00       
 30.00   58.00  27.00  19.00  84.00   93.00       
 31.00   37.00  69.00  11.00  17.00   44.00       
 32.00   38.00  46.00  12.00  10.00   44.00       
 33.00   46.00  10.00  23.00 137.00  142.00       
 34.00   61.00  33.00  26.00 144.00  163.00       
 35.00   62.00  63.00  17.00 114.00  120.00       
 36.00   63.00  69.00   6.00  70.00   90.00       
 37.00   32.00  22.00   9.00 107.00  118.00       
 38.00   45.00  35.00  15.00  75.00   85.00       
 39.00   59.00  15.00  14.00  99.00  115.00       
 40.00    5.00   6.00   7.00  67.00   82.00       
 41.00   10.00  17.00  27.00  45.00   55.00       
 42.00   21.00  10.00  13.00 103.00  109.00       
 43.00    5.00  64.00  11.00  53.00   70.00       
 44.00   30.00  15.00  16.00 132.00  150.00       
 45.00   39.00  10.00  10.00 145.00  161.00       
 46.00   32.00  39.00   5.00  66.00   80.00       
 47.00   25.00  32.00  25.00  56.00   65.00       
 48.00   25.00  55.00  17.00 176.00  183.00       
 49.00   48.00  28.00  18.00  98.00  114.00       
 50.00   56.00  37.00  10.00 139.00  150.00
Node - number of items - h - w for each item
    0   0
    1   2   11    9   15    5
    2   1    7   16
    3   2   17    5   10    4
    4   1   19    6
    5   2   20    6   24    2
    6   2    7   11   16    9
    7   2   15    9   34    3
    8   2    4   17   26    3
    9   2    6   12   30    4
   10   2    5    9   14    6
   11   2    5   16   29    4
   12   1    7   17
   13   1   30    2
   14   2   15    9   25    4
   15   1    9   10
   16   1   16    9
   17   1    4   18
   18   2   12    8   33    4
   19   2   13    5   29    3
   20   2   32    3   16    3
   21   1   18    9
   22   1   20    7
   23   1    4   12
   24   2   11    8   10    4
   25   2   23    3   23    2
   26   2    6   14    6    8
   27   1    5   14
   28   2    7    9   10    6
   29   2    5   10   31    3
   30   2    7   12    9    7
   31   2   32    3   17    2
   32   1   34    3
   33   1    6   17
   34   2    7   16   11    7
   35   2    7   17    5   15
   36   1   17   10
   37   2   33    2   31    2
   38   2    5   12   25    3
   39   2   14    7   15    5
   40   2   26    4   23    2
   41   2    7   15    5   13
   42   2    5   14   21    3
   43   1   12    6
   44   2    5   11   14    7
   45   1    6    8
   46   2    6   12   13    4
   47   1   12    5
   48   1    5   11
   49   2    5   10    5    8
   50   2   17    5   27    3
 