Instance: E051-05e.dat
Class:  3
50 --- number of customers (no depot)
11 --- number of vehicles
50 --- number of items
Capacity - height - width of vehicles
   160     40     20
Node - x - y - demand  Readytime Duetime
  0.00   30.00  40.00   0.00 0       257.00       
  1.00   37.00  52.00   7.00  76.00   91.00       
  2.00   49.00  49.00  30.00  79.00   95.00       
  3.00   52.00  64.00  16.00 103.00  116.00       
  4.00   20.00  26.00   9.00  73.00   90.00       
  5.00   40.00  30.00  21.00  59.00   79.00       
  6.00   21.00  47.00  15.00  57.00   69.00       
  7.00   17.00  63.00  19.00  31.00   44.00       
  8.00   31.00  62.00  23.00 144.00  153.00       
  9.00   52.00  33.00  11.00 154.00  166.00       
 10.00   51.00  21.00   5.00  70.00   79.00       
 11.00   42.00  41.00  19.00  44.00   64.00       
 12.00   31.00  32.00  29.00 107.00  125.00       
 13.00    5.00  25.00  23.00 119.00  129.00       
 14.00   12.00  42.00  21.00 135.00  145.00       
 15.00   36.00  16.00  10.00 110.00  123.00       
 16.00   52.00  41.00  15.00  51.00   63.00       
 17.00   27.00  23.00   3.00  95.00  107.00       
 18.00   17.00  33.00  41.00  35.00   54.00       
 19.00   13.00  13.00   9.00  67.00   77.00       
 20.00   57.00  58.00  28.00  13.00   44.00       
 21.00   62.00  42.00   8.00 140.00  149.00       
 22.00   42.00  57.00   8.00 151.00  159.00       
 23.00   16.00  57.00  16.00  70.00   76.00       
 24.00    8.00  52.00  10.00 144.00  151.00       
 25.00    7.00  38.00  28.00 153.00  173.00       
 26.00   27.00  68.00   7.00  22.00   44.00       
 27.00   30.00  48.00  15.00  15.00   44.00       
 28.00   43.00  67.00  14.00 133.00  146.00       
 29.00   58.00  48.00   6.00  18.00   44.00       
 30.00   58.00  27.00  19.00  84.00   93.00       
 31.00   37.00  69.00  11.00  17.00   44.00       
 32.00   38.00  46.00  12.00  10.00   44.00       
 33.00   46.00  10.00  23.00 137.00  142.00       
 34.00   61.00  33.00  26.00 144.00  163.00       
 35.00   62.00  63.00  17.00 114.00  120.00       
 36.00   63.00  69.00   6.00  70.00   90.00       
 37.00   32.00  22.00   9.00 107.00  118.00       
 38.00   45.00  35.00  15.00  75.00   85.00       
 39.00   59.00  15.00  14.00  99.00  115.00       
 40.00    5.00   6.00   7.00  67.00   82.00       
 41.00   10.00  17.00  27.00  45.00   55.00       
 42.00   21.00  10.00  13.00 103.00  109.00       
 43.00    5.00  64.00  11.00  53.00   70.00       
 44.00   30.00  15.00  16.00 132.00  150.00       
 45.00   39.00  10.00  10.00 145.00  161.00       
 46.00   32.00  39.00   5.00  66.00   80.00       
 47.00   25.00  32.00  25.00  56.00   65.00       
 48.00   25.00  55.00  17.00 176.00  183.00       
 49.00   48.00  28.00  18.00  98.00  114.00       
 50.00   56.00  37.00  10.00 139.00  150.00
Node - number of items - h - w for each item
    0   0
    1   1    1    1
    2   1    1    1
    3   1    1    1
    4   1    1    1
    5   1    1    1
    6   1    1    1
    7   1    1    1
    8   1    1    1
    9   1    1    1
   10   1    1    1
   11   1    1    1
   12   1    1    1
   13   1    1    1
   14   1    1    1
   15   1    1    1
   16   1    1    1
   17   1    1    1
   18   1    1    1
   19   1    1    1
   20   1    1    1
   21   1    1    1
   22   1    1    1
   23   1    1    1
   24   1    1    1
   25   1    1    1
   26   1    1    1
   27   1    1    1
   28   1    1    1
   29   1    1    1
   30   1    1    1
   31   1    1    1
   32   1    1    1
   33   1    1    1
   34   1    1    1
   35   1    1    1
   36   1    1    1
   37   1    1    1
   38   1    1    1
   39   1    1    1
   40   1    1    1
   41   1    1    1
   42   1    1    1
   43   1    1    1
   44   1    1    1
   45   1    1    1
   46   1    1    1
   47   1    1    1
   48   1    1    1
   49   1    1    1
   50   1    1    1
