Instance: E026-08m.dat
Class:  1
25 --- number of customers (no depot)
8 --- number of vehicles
25 --- number of items
Capacity - height - width of vehicles
    48     40     20
Node - x - y - demand  Readytime Duetime
  0.00   30.00  40.00   0.00 0       514.00
  1.00   52.00  41.00  15.00 286.00  313.00
  2.00   27.00  23.00   3.00 212.00  237.00
  3.00   17.00  33.00  41.00 222.00  237.00
  4.00   13.00  13.00   9.00 259.00  287.00
  5.00   57.00  58.00  28.00 148.00  168.00
  6.00   62.00  42.00   8.00 117.00  134.00
  7.00   42.00  57.00   8.00 297.00  325.00
  8.00   16.00  57.00  16.00  70.00   97.00
  9.00    8.00  52.00  10.00  13.00   44.00
 10.00    7.00  38.00  28.00 400.00  429.00
 11.00   27.00  68.00   7.00 417.00  439.00
 12.00   30.00  48.00  15.00  44.00   65.00
 13.00   43.00  67.00  14.00 268.00  297.00
 14.00   58.00  48.00   6.00 146.00  168.00
 15.00   58.00  27.00  19.00 385.00  401.00
 16.00   37.00  69.00  11.00 139.00  155.00
 17.00   38.00  46.00  12.00 374.00  404.00
 18.00   46.00  10.00  23.00 397.00  424.00
 19.00   61.00  33.00  26.00 364.00  385.00
 20.00   62.00  63.00  17.00  46.00   73.00
 21.00   63.00  69.00   6.00 404.00  429.00
 22.00   32.00  22.00   9.00 311.00  327.00
 23.00   45.00  35.00  15.00 285.00  302.00
 24.00   59.00  15.00  14.00  84.00  106.00
 25.00    5.00   6.00   7.00 147.00  177.00
Node - number of items - h - w for each item  
    0   0
    1   1    9    9
    2   1   30    4
    3   1   34    4
    4   2   18    3   33    2
    5   2    5    9   15   10
    6   2   30    4   19    4
    7   1   19    8
    8   2    6   10   26    3
    9   1    7   11
   10   2   13    7   24    2
   11   2    9    6   11    8
   12   2    5   14   28    4
   13   2   20    6    7   13
   14   2    4   15    5   16
   15   2    7   16   19    9
   16   2    9    5   16    3
   17   2   17    3    8   18
   18   1   24    4
   19   2   28    4   23    3
   20   1   31    3
   21   2    5   17    4   18
   22   2   17    9    7   14
   23   1   34    2
   24   1    5   17
   25   1   14    7
