Instance: E026-08m.dat
Class:  1
25 --- number of customers (no depot)
8 --- number of vehicles
40 --- number of items
Capacity - height - width of vehicles
    48     40     20
Node - x - y - demand  Readytime Duetime
  0.00   30.00  40.00   0.00 0       1028.00
  1.00   52.00  41.00  15.00 370.00  412.00
  2.00   27.00  23.00   3.00 594.00  629.00
  3.00   17.00  33.00  41.00 422.00  454.00
  4.00   13.00  13.00   9.00 242.00  284.00
  5.00   57.00  58.00  28.00 190.00  221.00
  6.00   62.00  42.00   8.00  36.00   80.00
  7.00   42.00  57.00   8.00 398.00  438.00
  8.00   16.00  57.00  16.00 216.00  260.00
  9.00    8.00  52.00  10.00 190.00  231.00
 10.00    7.00  38.00  28.00 454.00  489.00
 11.00   27.00  68.00   7.00 693.00  732.00
 12.00   30.00  48.00  15.00 674.00  704.00
 13.00   43.00  67.00  14.00 542.00  582.00
 14.00   58.00  48.00   6.00 510.00  555.00
 15.00   58.00  27.00  19.00 171.00  216.00
 16.00   37.00  69.00  11.00 766.00  807.00
 17.00   38.00  46.00  12.00 146.00  180.00
 18.00   46.00  10.00  23.00 183.00  225.00
 19.00   61.00  33.00  26.00 761.00  800.00
 20.00   62.00  63.00  17.00 849.00  889.00
 21.00   63.00  69.00   6.00 695.00  740.00
 22.00   32.00  22.00   9.00 371.00  414.00
 23.00   45.00  35.00  15.00 390.00  435.00
 24.00   59.00  15.00  14.00 859.00  893.00
 25.00    5.00   6.00   7.00 128.00  160.00
Node - number of items - h - w for each item  
    0   0
    1   1    9    9
    2   1   30    4
    3   1   34    4
    4   2   18    3   33    2
    5   2    5    9   15   10
    6   2   30    4   19    4
    7   1   19    8
    8   2    6   10   26    3
    9   1    7   11
   10   2   13    7   24    2
   11   2    9    6   11    8
   12   2    5   14   28    4
   13   2   20    6    7   13
   14   2    4   15    5   16
   15   2    7   16   19    9
   16   2    9    5   16    3
   17   2   17    3    8   18
   18   1   24    4
   19   2   28    4   23    3
   20   1   31    3
   21   2    5   17    4   18
   22   2   17    9    7   14
   23   1   34    2
   24   1    5   17
   25   1   14    7
