Instance: E016-03m.dat
Class:  1
15 --- number of customers (no depot)
3 --- number of vehicles
31 --- number of items
Capacity - height - width of vehicles
    90     40     20
Node - x - y - demand  Readytime Duetime
  0.00   30.00  40.00   0.00 0       733.00
  1.00   37.00  52.00   7.00 180.00  221.00
  2.00   49.00  49.00  30.00 543.00  581.00
  3.00   52.00  64.00  16.00 472.00  503.00
  4.00   20.00  26.00   9.00 546.00  578.00
  5.00   40.00  30.00  21.00 187.00  232.00
  6.00   21.00  47.00  15.00 477.00  519.00
  7.00   17.00  63.00  19.00 196.00  238.00
  8.00   31.00  62.00  23.00  45.00   84.00
  9.00   52.00  33.00  11.00 571.00  601.00
 10.00   51.00  21.00   5.00 183.00  216.00
 11.00   42.00  41.00  19.00 106.00  136.00
 12.00   31.00  32.00  29.00 279.00  324.00
 13.00    5.00  25.00  23.00 125.00  169.00
 14.00   12.00  42.00  21.00 140.00  180.00
 15.00   36.00  16.00  10.00 399.00  438.00
Node - number of items - h - w for each item  
    0   0
    1   2    4   11   13    6
    2   2    9    5    5   15
    3   2   13    8   26    2
    4   1   10    5
    5   2   13    7   31    2
    6   2   12    8    6   11
    7   1    5   10
    8   3    9    7    7    8   12    3
    9   2   22    2    7   13
   10   3   11    5    6   12   29    2
   11   3    9    6   15    8   10    5
   12   1   13    3
   13   3   17    3   14    5    5    9
   14   1    6    9
   15   3    7    6    8    5   16    7
