Instance: E023-03g.dat
Class:  1
22 --- number of customers (no depot)
3 --- number of vehicles
32 --- number of items
Capacity - height - width of vehicles
  4500     40     20
Node - x - y - demand  Readytime Duetime
  0.00  266.00 235.00   0.00 0       871.00
  1.00  295.00 272.00 125.00 416.00  444.00
  2.00  301.00 258.00  84.00  53.00   81.00
  3.00  309.00 260.00  60.00 195.00  210.00
  4.00  217.00 274.00 500.00 648.00  669.00
  5.00  218.00 278.00 300.00 400.00  424.00
  6.00  282.00 267.00 175.00  92.00  110.00
  7.00  242.00 249.00 350.00 525.00  550.00
  8.00  230.00 262.00 150.00  76.00  106.00
  9.00  249.00 268.00 1100.00 442.00  457.00
 10.00  256.00 267.00 4100.00 659.00  678.00
 11.00  265.00 257.00 225.00 570.00  591.00
 12.00  267.00 242.00 300.00 687.00  708.00
 13.00  259.00 265.00 250.00 492.00  519.00
 14.00  315.00 233.00 500.00 662.00  678.00
 15.00  329.00 252.00 150.00 498.00  519.00
 16.00  318.00 252.00 100.00 247.00  263.00
 17.00  329.00 224.00 250.00 343.00  365.00
 18.00  267.00 213.00 120.00 653.00  679.00
 19.00  275.00 192.00 600.00 308.00  334.00
 20.00  303.00 201.00 500.00 516.00  531.00
 21.00  208.00 217.00 175.00 348.00  367.00
 22.00  326.00 181.00  75.00 357.00  386.00
Node - number of items - h - w for each item
    0   0
    1   1   17    4
    2   1   16    3
    3   1    7   13
    4   2    6   16   18    5
    5   2    7   15   13    9
    6   1   15    4
    7   2    9    6   30    4
    8   1    5   16
    9   1   16    7
   10   2    5   16   19    7
   11   2   18    8   34    3
   12   1    6   16
   13   1   28    3
   14   2   10    6   29    3
   15   2   20    5   32    4
   16   1   11    6
   17   2   14    9   13    4
   18   1   12    3
   19   2    7   10   17    4
   20   1   19    6
   21   1   23    3
   22   2   14    9    7    9
