Instance: E016-03m.dat
Class:  1
15 --- number of customers (no depot)
3 --- number of vehicles
15 --- number of items
Capacity - height - width of vehicles
    90     40     20
Node - x - y - demand  Readytime Duetime
  0.00   30.00  40.00   0.00 0       366.00
  1.00   37.00  52.00   7.00  89.00  109.00
  2.00   49.00  49.00  30.00 159.00  182.00
  3.00   52.00  64.00  16.00  59.00   85.00
  4.00   20.00  26.00   9.00 298.00  318.00
  5.00   40.00  30.00  21.00 228.00  247.00
  6.00   21.00  47.00  15.00  13.00   33.00
  7.00   17.00  63.00  19.00 208.00  223.00
  8.00   31.00  62.00  23.00 105.00  128.00
  9.00   52.00  33.00  11.00  28.00   53.00
 10.00   51.00  21.00   5.00 218.00  236.00
 11.00   42.00  41.00  19.00  28.00   56.00
 12.00   31.00  32.00  29.00 246.00  263.00
 13.00    5.00  25.00  23.00 117.00  133.00
 14.00   12.00  42.00  21.00 216.00  231.00
 15.00   36.00  16.00  10.00 115.00  143.00
Node - number of items - h - w for each item   
    0   0
    1   1    1    1
    2   1    1    1
    3   1    1    1
    4   1    1    1
    5   1    1    1
    6   1    1    1
    7   1    1    1
    8   1    1    1
    9   1    1    1
   10   1    1    1
   11   1    1    1
   12   1    1    1
   13   1    1    1
   14   1    1    1
   15   1    1    1