Instance: E051-05e.dat
Class:  3
50 --- number of customers (no depot)
11 --- number of vehicles
103 --- number of items
Capacity - height - width of vehicles
   160     40     20
Node - x - y - demand  Readytime Duetime
  0.00   30.00  40.00   0.00 0       1121.00
  1.00   37.00  52.00   7.00 925.00  959.00
  2.00   49.00  49.00  30.00 994.00  1036.00
  3.00   52.00  64.00  16.00 856.00  893.00
  4.00   20.00  26.00   9.00 100.00  141.00
  5.00   40.00  30.00  21.00 197.00  229.00
  6.00   21.00  47.00  15.00 254.00  299.00
  7.00   17.00  63.00  19.00 859.00  894.00
  8.00   31.00  62.00  23.00 616.00  648.00
  9.00   52.00  33.00  11.00 179.00  221.00
 10.00   51.00  21.00   5.00 358.00  393.00
 11.00   42.00  41.00  19.00 539.00  579.00
 12.00   31.00  32.00  29.00 876.00  907.00
 13.00    5.00  25.00  23.00 797.00  835.00
 14.00   12.00  42.00  21.00 657.00  691.00
 15.00   36.00  16.00  10.00 963.00  1001.00
 16.00   52.00  41.00  15.00 682.00  713.00
 17.00   27.00  23.00   3.00 747.00  785.00
 18.00   17.00  33.00  41.00 908.00  949.00
 19.00   13.00  13.00   9.00 903.00  944.00
 20.00   57.00  58.00  28.00 129.00  168.00
 21.00   62.00  42.00   8.00 581.00  626.00
 22.00   42.00  57.00   8.00 202.00  234.00
 23.00   16.00  57.00  16.00  76.00  110.00
 24.00    8.00  52.00  10.00 487.00  517.00
 25.00    7.00  38.00  28.00 578.00  614.00
 26.00   27.00  68.00   7.00 128.00  164.00
 27.00   30.00  48.00  15.00  85.00  126.00
 28.00   43.00  67.00  14.00 262.00  300.00
 29.00   58.00  48.00   6.00 320.00  363.00
 30.00   58.00  27.00  19.00 419.00  463.00
 31.00   37.00  69.00  11.00 335.00  366.00
 32.00   38.00  46.00  12.00 760.00  797.00
 33.00   46.00  10.00  23.00 284.00  321.00
 34.00   61.00  33.00  26.00 787.00  824.00
 35.00   62.00  63.00  17.00 549.00  582.00
 36.00   63.00  69.00   6.00 772.00  816.00
 37.00   32.00  22.00   9.00  15.00   56.00
 38.00   45.00  35.00  15.00  49.00   92.00
 39.00   59.00  15.00  14.00 303.00  344.00
 40.00    5.00   6.00   7.00 726.00  763.00
 41.00   10.00  17.00  27.00 327.00  357.00
 42.00   21.00  10.00  13.00 710.00  743.00
 43.00    5.00  64.00  11.00 256.00  292.00
 44.00   30.00  15.00  16.00   5.00   50.00
 45.00   39.00  10.00  10.00 113.00  148.00
 46.00   32.00  39.00   5.00 662.00  699.00
 47.00   25.00  32.00  25.00 176.00  217.00
 48.00   25.00  55.00  17.00 743.00  784.00
 49.00   48.00  28.00  18.00 167.00  207.00
 50.00   56.00  37.00  10.00 401.00  437.00
 Node - number of items - h - w for each item
    0   0
    1   1    1    1
    2   1    1    1
    3   1    1    1
    4   1    1    1
    5   1    1    1
    6   1    1    1
    7   1    1    1
    8   1    1    1
    9   1    1    1
   10   1    1    1
   11   1    1    1
   12   1    1    1
   13   1    1    1
   14   1    1    1
   15   1    1    1
   16   1    1    1
   17   1    1    1
   18   1    1    1
   19   1    1    1
   20   1    1    1
   21   1    1    1
   22   1    1    1
   23   1    1    1
   24   1    1    1
   25   1    1    1
   26   1    1    1
   27   1    1    1
   28   1    1    1
   29   1    1    1
   30   1    1    1
   31   1    1    1
   32   1    1    1
   33   1    1    1
   34   1    1    1
   35   1    1    1
   36   1    1    1
   37   1    1    1
   38   1    1    1
   39   1    1    1
   40   1    1    1
   41   1    1    1
   42   1    1    1
   43   1    1    1
   44   1    1    1
   45   1    1    1
   46   1    1    1
   47   1    1    1
   48   1    1    1
   49   1    1    1
   50   1    1    1
