Instance: E021-04m.dat
Class:  1
20 --- number of customers (no depot)
4 --- number of vehicles
29 --- number of items
Capacity - height - width of vehicles
    85     40     20
Node - x - y - demand  Readytime Duetime
  0.00   30.00  40.00   0.00 0       755.00
  1.00   42.00  41.00  19.00 139.00  176.00
  2.00   31.00  32.00  29.00 621.00  655.00
  3.00    5.00  25.00  23.00 297.00  331.00
  4.00   12.00  42.00  21.00 253.00  295.00
  5.00   36.00  16.00  10.00 532.00  574.00
  6.00   52.00  41.00  15.00 306.00  351.00
  7.00   27.00  23.00   3.00 612.00  648.00
  8.00   17.00  33.00  41.00 462.00  498.00
  9.00   13.00  13.00   9.00 238.00  282.00
 10.00   57.00  58.00  28.00  65.00   99.00
 11.00   62.00  42.00   8.00 627.00  672.00
 12.00   42.00  57.00   8.00 213.00  251.00
 13.00   16.00  57.00  16.00 405.00  445.00
 14.00    8.00  52.00  10.00 576.00  616.00
 15.00    7.00  38.00  28.00 477.00  513.00
 16.00   27.00  68.00   7.00 224.00  266.00
 17.00   30.00  48.00  15.00 612.00  645.00
 18.00   43.00  67.00  14.00 629.00  670.00
 19.00   58.00  48.00   6.00 505.00  538.00
 20.00   58.00  27.00  19.00 463.00  507.00
Node - number of items - h - w for each item  
    0   0
    1   1    7   13
    2   2   30    3   24    3
    3   1    9   10
    4   2   16    6   15    6
    5   1   14    8
    6   1   32    4
    7   1   29    2
    8   1   18    3
    9   2    4   16   17    5
   10   2   15    4   29    3
   11   2    6   18   18    7
   12   2   13   10   22    4
   13   1   18   10
   14   2    7   12   31    3
   15   1   25    2
   16   1   18    8
   17   2   18    7   11    4
   18   1    9   10
   19   1   29    3
   20   2    6   16   35    3


