Instance: E031-09h.dat
Class:  3
30 --- number of customers (no depot)
9 --- number of vehicles
30 --- number of items
Capacity - height - width of vehicles
    68     40     20
Node - x - y - demand  Readytime Duetime
  0.00   40.00  40.00   0.00 0       1022.00
  1.00   22.00  22.00  18.00 906.00  945.00
  2.00   36.00  26.00  26.00 290.00  320.00
  3.00   21.00  45.00  11.00 464.00  501.00
  4.00   45.00  35.00  30.00 655.00  691.00
  5.00   55.00  20.00  21.00  57.00   95.00
  6.00   33.00  34.00  19.00 358.00  394.00
  7.00   50.00  50.00  15.00  54.00   97.00
  8.00   55.00  45.00  16.00 784.00  824.00
  9.00   26.00  59.00  29.00 683.00  721.00
 10.00   40.00  66.00  26.00  46.00   79.00
 11.00   55.00  65.00  37.00 805.00  835.00
 12.00   35.00  51.00  16.00 288.00  321.00
 13.00   62.00  35.00  12.00 434.00  476.00
 14.00   62.00  57.00  31.00 664.00  694.00
 15.00   62.00  24.00   8.00 496.00  537.00
 16.00   21.00  36.00  19.00 182.00  216.00
 17.00   33.00  44.00  20.00 531.00  567.00
 18.00    9.00  56.00  13.00 792.00  822.00
 19.00   62.00  48.00  15.00 375.00  411.00
 20.00   66.00  14.00  22.00  27.00   65.00
 21.00   44.00  13.00  28.00 680.00  724.00
 22.00   26.00  13.00  12.00 331.00  370.00
 23.00   11.00  28.00   6.00 341.00  386.00
 24.00    7.00  43.00  27.00 294.00  332.00
 25.00   17.00  64.00  14.00 770.00  808.00
 26.00   41.00  46.00  18.00 791.00  829.00
 27.00   55.00  34.00  17.00 151.00  189.00
 28.00   35.00  16.00  29.00  26.00   70.00
 29.00   52.00  26.00  13.00 855.00  887.00
 30.00   43.00  26.00  22.00 786.00  828.00
Node - number of items - h - w for each item  
    0   0
    1   1    1    1
    2   1    1    1
    3   1    1    1
    4   1    1    1
    5   1    1    1
    6   1    1    1
    7   1    1    1
    8   1    1    1
    9   1    1    1
   10   1    1    1
   11   1    1    1
   12   1    1    1
   13   1    1    1
   14   1    1    1
   15   1    1    1
   16   1    1    1
   17   1    1    1
   18   1    1    1
   19   1    1    1
   20   1    1    1
   21   1    1    1
   22   1    1    1
   23   1    1    1
   24   1    1    1
   25   1    1    1
   26   1    1    1
   27   1    1    1
   28   1    1    1
   29   1    1    1
   30   1    1    1
