Instance: E023-03g.dat
Class:  1
22 --- number of customers (no depot)
3 --- number of vehicles
22 --- number of items
Capacity - height - width of vehicles
  4500     40     20
Node - x - y - demand  Readytime Duetime
  0.00  266.00 235.00   0.00 0       1742.00
  1.00  295.00 272.00 125.00 459.00  498.00
  2.00  301.00 258.00  84.00 457.00  502.00
  3.00  309.00 260.00  60.00  20.00   81.00
  4.00  217.00 274.00 500.00 563.00  599.00
  5.00  218.00 278.00 300.00 903.00  937.00
  6.00  282.00 267.00 175.00 1348.00  1383.00
  7.00  242.00 249.00 350.00 310.00  350.00
  8.00  230.00 262.00 150.00  20.00   81.00
  9.00  249.00 268.00 1100.00 1202.00  1239.00
 10.00  256.00 267.00 4100.00 726.00  761.00
 11.00  265.00 257.00 225.00 1508.00  1540.00
 12.00  267.00 242.00 300.00 1535.00  1568.00
 13.00  259.00 265.00 250.00 1156.00  1187.00
 14.00  315.00 233.00 500.00  20.00   81.00
 15.00  329.00 252.00 150.00 256.00  286.00
 16.00  318.00 252.00 100.00 707.00  752.00
 17.00  329.00 224.00 250.00 1417.00  1454.00
 18.00  267.00 213.00 120.00 1256.00  1300.00
 19.00  275.00 192.00 600.00 1474.00  1517.00
 20.00  303.00 201.00 500.00 1029.00  1065.00
 21.00  208.00 217.00 175.00 414.00  457.00
 22.00  326.00 181.00  75.00 355.00  391.00
Node - number of items - h - w for each item  
    0   0
    1   1    1    1
    2   1    1    1
    3   1    1    1
    4   1    1    1
    5   1    1    1
    6   1    1    1
    7   1    1    1
    8   1    1    1
    9   1    1    1
   10   1    1    1
   11   1    1    1
   12   1    1    1
   13   1    1    1
   14   1    1    1
   15   1    1    1
   16   1    1    1
   17   1    1    1
   18   1    1    1
   19   1    1    1
   20   1    1    1
   21   1    1    1
   22   1    1    1





