Instance: E022-04g.dat
Class:  1
21 --- number of customers (no depot)
4 --- number of vehicles
21 --- number of items
Capacity - height - width of vehicles
  6000     40     20
Node - x - y - demand  Readytime Duetime
  0.00  145.00 215.00   0.00 0       497.00
  1.00  151.00 264.00 1100.00 402.00  418.00
  2.00  159.00 261.00 700.00 408.00  423.00
  3.00  130.00 254.00 800.00 356.00  385.00
  4.00  128.00 252.00 1400.00 180.00  204.00
  5.00  163.00 247.00 2100.00 302.00  331.00
  6.00  146.00 246.00 400.00 323.00  342.00
  7.00  161.00 242.00 800.00 105.00  123.00
  8.00  142.00 239.00 100.00 207.00  224.00
  9.00  163.00 236.00 500.00 315.00  339.00
 10.00  148.00 232.00 600.00  87.00  113.00
 11.00  128.00 231.00 1200.00  83.00  110.00
 12.00  156.00 217.00 1300.00  42.00   71.00
 13.00  129.00 214.00 1300.00 135.00  165.00
 14.00  146.00 208.00 300.00 358.00  376.00
 15.00  164.00 208.00 900.00 371.00  386.00
 16.00  141.00 206.00 2100.00 385.00  401.00
 17.00  147.00 193.00 1000.00  83.00  106.00
 18.00  164.00 193.00 900.00 205.00  220.00
 19.00  129.00 189.00 2500.00 206.00  236.00
 20.00  155.00 185.00 1800.00  84.00  112.00
 21.00  139.00 182.00 700.00  72.00   95.00
Node - number of items - h - w for each item  
    0   0
    1   1    1    1
    2   1    1    1
    3   1    1    1
    4   1    1    1
    5   1    1    1
    6   1    1    1
    7   1    1    1
    8   1    1    1
    9   1    1    1
   10   1    1    1
   11   1    1    1
   12   1    1    1
   13   1    1    1
   14   1    1    1
   15   1    1    1
   16   1    1    1
   17   1    1    1
   18   1    1    1
   19   1    1    1
   20   1    1    1
   21   1    1    1