Instance: E021-04m.dat
Class:  1
20 --- number of customers (no depot)
5 --- number of vehicles
46 --- number of items
Capacity - height - width of vehicles
    85     40     20
Node - x - y - demand  Readytime Duetime
  0.00   30.00  40.00   0.00 0       189.00       
  1.00   42.00  41.00  19.00  31.00   37.00       
  2.00   31.00  32.00  29.00 111.00  120.00       
  3.00    5.00  25.00  23.00 115.00  125.00       
  4.00   12.00  42.00  21.00   9.00   32.00       
  5.00   36.00  16.00  10.00 119.00  127.00       
  6.00   52.00  41.00  15.00  66.00   80.00       
  7.00   27.00  23.00   3.00  13.00   32.00       
  8.00   17.00  33.00  41.00  14.00   32.00       
  9.00   13.00  13.00   9.00 121.00  136.00       
 10.00   57.00  58.00  28.00  68.00   82.00       
 11.00   62.00  42.00   8.00  74.00   91.00       
 12.00   42.00  57.00   8.00  58.00   75.00       
 13.00   16.00  57.00  16.00  61.00   72.00       
 14.00    8.00  52.00  10.00  77.00   84.00       
 15.00    7.00  38.00  28.00  21.00   38.00       
 16.00   27.00  68.00   7.00  94.00  104.00       
 17.00   30.00  48.00  15.00 106.00  126.00       
 18.00   43.00  67.00  14.00   8.00   32.00       
 19.00   58.00  48.00   6.00  35.00   45.00       
 20.00   58.00  27.00  19.00  52.00   72.00       
Node - number of items - h - w for each item  
    0   0
    1   2    9    5   14    2
    2   1   14    2
    3   2    8    6   13    7
    4   3    6    6    7    9    6   15
    5   1   15    5
    6   3    6    9   12    6    8    9
    7   1    7    6
    8   2   14    3    6   13
    9   2    9    7    7   13
   10   3   20    3   15    3   24    4
   11   3   22    2    7   12   14    8
   12   2    7   14   15    5
   13   3   18    3   30    2    5   14
   14   3    6   11    4   10    8    7
   15   2   27    3   15    5
   16   3   14    6   16    6    6   12
   17   2    8   13    6    8
   18   3    6   13    8   11   21    3
   19   3    8    9   16    3   14    3
   20   2    6    8   21    4



