Instance: E076-14s.dat
Class:  1
75 --- number of customers (no depot)
14 --- number of vehicles
75 --- number of items
Capacity - height - width of vehicles
   100     40     20
Node - x - y - demand  Readytime Duetime
  0.00   40.00  40.00   0.00 0       1138.00
  1.00   22.00  22.00  18.00 784.00  817.00
  2.00   36.00  26.00  26.00 967.00  1003.00
  3.00   21.00  45.00  11.00 764.00  794.00
  4.00   45.00  35.00  30.00 217.00  256.00
  5.00   55.00  20.00  21.00 826.00  859.00
  6.00   33.00  34.00  19.00 889.00  926.00
  7.00   50.00  50.00  15.00 759.00  803.00
  8.00   55.00  45.00  16.00 879.00  918.00
  9.00   26.00  59.00  29.00 548.00  586.00
 10.00   40.00  66.00  26.00 835.00  879.00
 11.00   55.00  65.00  37.00 461.00  498.00
 12.00   35.00  51.00  16.00 938.00  978.00
 13.00   62.00  35.00  12.00 547.00  589.00
 14.00   62.00  57.00  31.00 650.00  682.00
 15.00   62.00  24.00   8.00   1.00   57.00
 16.00   21.00  36.00  19.00 284.00  314.00
 17.00   33.00  44.00  20.00 451.00  494.00
 18.00    9.00  56.00  13.00 344.00  379.00
 19.00   62.00  48.00  15.00 185.00  225.00
 20.00   66.00  14.00  22.00 947.00  992.00
 21.00   44.00  13.00  28.00 1010.00  1052.00
 22.00   26.00  13.00  12.00 917.00  951.00
 23.00   11.00  28.00   6.00  69.00  114.00
 24.00    7.00  43.00  27.00 250.00  290.00
 25.00   17.00  64.00  14.00 942.00  981.00
 26.00   41.00  46.00  18.00 262.00  292.00
 27.00   55.00  34.00  17.00 644.00  683.00
 28.00   35.00  16.00  29.00 205.00  249.00
 29.00   52.00  26.00  13.00 670.00  706.00
 30.00   43.00  26.00  22.00 599.00  633.00
 31.00   31.00  76.00  25.00  43.00   76.00
 32.00   22.00  53.00  28.00 290.00  322.00
 33.00   26.00  29.00  27.00 818.00  850.00
 34.00   50.00  40.00  19.00  41.00   83.00
 35.00   55.00  50.00  10.00 824.00  869.00
 36.00   54.00  10.00  12.00 421.00  460.00
 37.00   60.00  15.00  14.00 491.00  524.00
 38.00   47.00  66.00  24.00 646.00  690.00
 39.00   30.00  60.00  16.00 886.00  928.00
 40.00   30.00  50.00  33.00 447.00  477.00
 41.00   12.00  17.00  15.00 460.00  503.00
 42.00   15.00  14.00  11.00 580.00  614.00
 43.00   16.00  19.00  18.00 239.00  282.00
 44.00   21.00  48.00  17.00 696.00  730.00
 45.00   50.00  30.00  21.00  95.00  128.00
 46.00   51.00  42.00  27.00 758.00  794.00
 47.00   50.00  15.00  19.00 690.00  720.00
 48.00   48.00  21.00  20.00  55.00   86.00
 49.00   12.00  38.00   5.00  57.00   99.00
 50.00   15.00  56.00  22.00 754.00  791.00
 51.00   29.00  39.00  12.00  88.00  128.00
 52.00   54.00  38.00  19.00 238.00  280.00
 53.00   55.00  57.00  22.00 985.00  1023.00
 54.00   67.00  41.00  16.00 997.00  1029.00
 55.00   10.00  70.00   7.00 781.00  823.00
 56.00    6.00  25.00  26.00 431.00  461.00
 57.00   65.00  27.00  14.00 720.00  761.00
 58.00   40.00  60.00  21.00 249.00  282.00
 59.00   70.00  64.00  24.00 436.00  471.00
 60.00   64.00   4.00  13.00 111.00  155.00
 61.00   36.00   6.00  15.00 663.00  704.00
 62.00   30.00  20.00  18.00 525.00  570.00
 63.00   20.00  30.00  11.00 1020.00  1053.00
 64.00   15.00   5.00  28.00 487.00  528.00
 65.00   50.00  70.00   9.00 679.00  712.00
 66.00   57.00  72.00  37.00 181.00  219.00
 67.00   45.00  42.00  30.00 375.00  420.00
 68.00   38.00  33.00  10.00 855.00  885.00
 69.00   50.00   4.00   8.00 922.00  956.00
 70.00   66.00   8.00  11.00 361.00  400.00
 71.00   59.00   5.00   3.00 835.00  876.00
 72.00   35.00  60.00   1.00 524.00  565.00
 73.00   27.00  24.00   6.00 495.00  531.00
 74.00   40.00  20.00  10.00 820.00  850.00
 75.00   40.00  37.00  20.00 321.00  351.00
Node - number of items - h - w for each item
    0   0
    1   3    7   11   10    4   16    3
    2   3   14    8   11    4   31    3
    3   3    6   13    9    7   17    3
    4   2   15    7   10    7
    5   2   14    8   14    7
    6   2   11    5   10    5
    7   1    6   11
    8   1   26    2
    9   3   12    8   15    5   12    4
   10   2   13    6   14    5
   11   2    7   11   15    6
   12   2    7    6   14    4
   13   1   19    3
   14   1   19    3
   15   1   24    3
   16   1    6   12
   17   1   10    5
   18   2   17    4   21    3
   19   3    7   15    8   11    9    5
   20   3    6   15   16    6   15    5
   21   1   14    7
   22   3    6   12    5   10   24    3
   23   3   12    7   15    6   24    2
   24   3    6   13   13    3   19    2
   25   1   15    4
   26   3    9    7   11    5   29    4
   27   3    5   13   20    3   13    2
   28   3    4   15   13    5   30    3
   29   2   11    8   19    2
   30   2    8   14   15    6
   31   3    7    7   11    5   11    4
   32   3   16    4   15    4    9    4
   33   3    5   12    9    6   22    4
   34   2    7    9    8    8
   35   3    7   15    5   12   10    4
   36   3   15    7   19    4   10    4
   37   1    6   12
   38   3   16    6   11    6   22    2
   39   2    4   16    8    9
   40   1    7   10
   41   3   13    4   19    3   30    2
   42   3   14    6   15    5   19    3
   43   3    4   12   12    7   21    3
   44   1   14    5
   45   3   25    4   22    3   24    2
   46   1   12    5
   47   1   12    4
   48   3    5   12   19    3   17    3
   49   1    9    7
   50   1   30    3
   51   2    4    8   28    2
   52   2    9    8   14    7
   53   3    5   13    6   11   29    4
   54   2    6   10    6   10
   55   1   22    3
   56   1    5   11
   57   1   23    4
   58   2   13    6   28    3
   59   2    6   14   19    3
   60   2    6   13   16    6
   61   1   16    3
   62   2    6   12    5    9
   63   2    6    9   11    4
   64   2    4    7   10    6
   65   2    6    9   29    4
   66   3    6   11    8    9   18    3
   67   2    4   13    4   12
   68   1   18    3
   69   2   16    6   10    5
   70   1   16    7
   71   3    5   13   29    4   25    3
   72   2    7   15    7   12
   73   2   14    6   14    4
   74   3    7   10   12    8   22    2
   75   2    4   13    4    7

