Instance: E016-05m.dat
Class:  1
15 --- number of customers (no depot)
5 --- number of vehicles
29 --- number of items
Capacity - height - width of vehicles
    55     40     20
Node - x - y - demand  Readytime Duetime
  0.00   30.00  40.00   0.00 0       366.00
  1.00   37.00  52.00   7.00 138.00  163.00
  2.00   49.00  49.00  30.00  82.00  104.00
  3.00   52.00  64.00  16.00 249.00  268.00
  4.00   20.00  26.00   9.00 231.00  251.00
  5.00   40.00  30.00  21.00  19.00   43.00
  6.00   21.00  47.00  15.00 151.00  166.00
  7.00   17.00  63.00  19.00 133.00  163.00
  8.00   31.00  62.00  23.00 302.00  317.00
  9.00   52.00  33.00  11.00 102.00  126.00
 10.00   51.00  21.00   5.00 143.00  160.00
 11.00   42.00  41.00  19.00 287.00  313.00
 12.00   31.00  32.00  29.00  45.00   61.00
 13.00    5.00  25.00  23.00  80.00  110.00
 14.00   12.00  42.00  21.00 137.00  161.00
 15.00   36.00  16.00  10.00  21.00   48.00
Node - number of items - h - w for each item  
    0   0
    1   2    7    9   34    3
    2   2   14    5   36    3
    3   2   29    3    5    8
    4   2   19    3    9    4
    5   2    6   10    8   10
    6   1   19    9
    7   1    7   11
    8   1   12    7
    9   2   22    4   31    3
   10   2   10    4    8    8
   11   2   20    4   30    2
   12   1   17    3
   13   1    7   17
   14   1    5    9
   15   2   18    6   31    3