Instance: E030-03g.dat
Class:  1
29 --- number of customers (no depot)
6 --- number of vehicles
43 --- number of items
Capacity - height - width of vehicles
  4500     40     20
Node - x - y - demand  Readytime Duetime
  0.00  162.00 354.00   0.00 0       363.00       
  1.00  218.00 382.00 300.00 131.00  147.00       
  2.00  218.00 358.00 3100.00 229.00  234.00       
  3.00  201.00 370.00 125.00  38.00   69.00       
  4.00  214.00 371.00 100.00  51.00   69.00       
  5.00  224.00 370.00 200.00 107.00  117.00       
  6.00  210.00 382.00 150.00 233.00  240.00       
  7.00  104.00 354.00 150.00   8.00   69.00       
  8.00  126.00 338.00 450.00 221.00  237.00       
  9.00  119.00 340.00 300.00 184.00  198.00       
 10.00  129.00 349.00 100.00 116.00  129.00       
 11.00  126.00 347.00 950.00 191.00  211.00       
 12.00  125.00 346.00 125.00  74.00   92.00       
 13.00  116.00 355.00 150.00 100.00  111.00       
 14.00  126.00 335.00 150.00  80.00   90.00       
 15.00  125.00 355.00 550.00  67.00   85.00       
 16.00  119.00 357.00 150.00 162.00  167.00       
 17.00  115.00 341.00 100.00  15.00   69.00       
 18.00  153.00 351.00 150.00 148.00  155.00       
 19.00  175.00 363.00 400.00  31.00   69.00       
 20.00  180.00 360.00 300.00  16.00   69.00       
 21.00  159.00 331.00 1500.00  60.00   77.00       
 22.00  188.00 357.00 100.00  76.00   84.00       
 23.00  152.00 349.00 300.00 167.00  176.00       
 24.00  215.00 389.00 500.00 158.00  172.00       
 25.00  212.00 394.00 800.00 184.00  202.00       
 26.00  188.00 393.00 300.00  85.00   90.00       
 27.00  207.00 406.00 100.00   9.00   69.00       
 28.00  184.00 410.00 150.00  35.00   69.00       
 29.00  207.00 392.00 1000.00 121.00  139.00  
Node - number of items - h - w for each item
    0   0
    1   2    8   15   21    4
    2   2    7   12   22    3
    3   2   19    8   17    3
    4   1   29    3
    5   2    7    8   17    7
    6   1    7   15
    7   1   22    3
    8   2    7   15   23    4
    9   1   18    6
   10   1   22    3
   11   2   12    8   19    5
   12   1   18    4
   13   2    7   14    9    5
   14   1   10    6
   15   2    8   11   17    3
   16   2   15    7   19    3
   17   1   10    9
   18   2    7   14   16    2
   19   1   22    3
   20   2    6    8   16    6
   21   1   24    3
   22   1    9    9
   23   1   17    3
   24   2   11    9   31    3
   25   1   20    2
   26   1   25    4
   27   2    7   14   21    2
   28   2    6   14   30    2
   29   1   20    8


